rvecs : [array([[ 0.65517214],
       [-0.63790672],
       [ 1.45332833]]), array([[ 1.18128334],
       [-0.02006209],
       [ 0.01428252]]), array([[ 1.20064293],
       [-0.04069035],
       [ 0.02658209]]), array([[-1.26084547],
       [ 0.06558961],
       [ 0.05761772]]), array([[-1.28756897],
       [ 0.10631401],
       [ 0.08220988]]), array([[-1.30565998],
       [ 0.12918112],
       [ 0.10559659]]), array([[-0.70245379],
       [ 0.68528548],
       [ 1.45968915]]), array([[-0.87355188],
       [-0.89230091],
       [-1.37948898]]), array([[-0.85853206],
       [ 0.78559851],
       [ 1.36936469]]), array([[-0.88092124],
       [ 0.83090678],
       [ 1.35953351]]), array([[-0.58087671],
       [ 0.73876809],
       [ 1.48048036]]), array([[-1.24622555],
       [-0.02671893],
       [-0.01281779]]), array([[-1.29852388],
       [-0.10892429],
       [-0.09979713]]), array([[ 1.16936956],
       [ 0.02482137],
       [-0.03142547]]), array([[ 1.15243502],
       [ 0.00411828],
       [ 0.00855888]]), array([[-1.08129451],
       [ 0.45304682],
       [ 0.69537241]]), array([[-1.1109155 ],
       [ 0.32925245],
       [ 0.53828288]]), array([[-1.11460295],
       [-0.44702062],
       [-0.7355233 ]]), array([[-1.17706406],
       [ 0.11755189],
       [ 0.06858676]]), array([[-1.19842238],
       [-0.44816142],
       [-0.68383811]])]