tvecs : [array([[  3.57029791],
       [ -1.33873204],
       [ 29.80232128]]), array([[ -2.48035851],
       [ -0.66123247],
       [ 23.61823392]]), array([[ -2.12739549],
       [ -0.70309316],
       [ 23.71331681]]), array([[ -2.44769712],
       [ -0.70569235],
       [ 29.98762864]]), array([[ -1.69291135],
       [ -0.5022955 ],
       [ 30.83720614]]), array([[ -1.44761477],
       [ -0.76497591],
       [ 30.90982557]]), array([[  3.18530465],
       [ -0.90060012],
       [ 44.6858486 ]]), array([[ -4.22133629],
       [  2.00191839],
       [ 37.65188527]]), array([[  3.33969089],
       [ -1.40708278],
       [ 36.28440813]]), array([[  3.3027129 ],
       [ -0.6976156 ],
       [ 37.98633342]]), array([[  4.77904933],
       [ -1.24261595],
       [ 44.19639472]]), array([[ -2.14755271],
       [ -0.35338857],
       [ 35.45371927]]), array([[ -2.72832746],
       [ -0.85609733],
       [ 33.351792  ]]), array([[ -2.49000978],
       [ -0.67933483],
       [ 27.78614037]]), array([[ -2.90310403],
       [ -0.60805733],
       [ 28.12298785]]), array([[  1.34069357],
       [ -2.00379684],
       [ 39.59210518]]), array([[  1.02528326],
       [ -1.778645  ],
       [ 40.23246094]]), array([[ -5.38809994],
       [  0.23806472],
       [ 40.45354012]]), array([[ -1.5654557 ],
       [ -1.95524095],
       [ 34.47551446]]), array([[ -5.14061976],
       [ -0.99814389],
       [ 34.95656169]])]